    0  219.6040 19.9628   9250     0  6033  3217
    1  219.9091 20.0238   9304    54  6035  3269
    2  219.9934 19.9955   9464   160  6003  3461
    3  219.8989 19.7138   9370    94  5997  3373
    4  219.9016 19.8996   9342    28  5963  3379
    5  219.9671 19.7368   9361    19  5950  3411
    6  219.9398 19.6208   9413    52  5949  3464
    7  219.8875 19.7706   9488    75  5951  3537
    8  219.9080 19.5195   9390    98  5941  3449
    9  219.9082 19.5169   9399     9  5954  3445
   10  219.9976 19.5637   9468    69  5958  3510
   11  219.9991 19.5597   9413    55  5942  3471
   12  219.9992 19.5601   9459    46  5958  3501
   13  219.9101 19.5153   9499    40  5980  3519
   14  219.9090 19.5140   9484    15  5959  3525
   15  219.9090 19.5131   9424    60  5953  3471
   16  219.8173 19.4657   9190   234  5901  3289
   17  219.8164 19.4631   9111    79  5892  3219
   18  219.9965 19.4917   9168    57  5842  3326
   19  219.9081 19.4464   9180    12  5829  3351
   20  219.9089 19.3475   9148    32  5804  3344
   21  219.8281 19.1781   9131    17  5841  3290
   22  219.8281 19.1774   9084    47  5841  3243
   23  219.9082 19.4446   9034    50  5856  3178
   24  219.8490 19.2704   8931   103  5862  3069
   25  219.8474 19.3674   8930     1  5891  3039
   26  219.8476 19.3663   8865    65  5881  2984
   27  219.9368 19.3455   8790    75  5875  2915
   28  220.0318 19.3894   8735    55  5863  2872
   29  219.9375 19.3479   8795    60  5857  2938
   30  220.0642 19.3071   8685   110  5860  2825
   31  220.0305 19.3955   8572   113  5857  2715
   32  219.9657 19.2637   8472   100  5846  2626
   33  219.8631 19.2716   8425    47  5836  2589
   34  219.9633 19.3163   8257   168  5882  2375
   35  220.0698 19.3274   8209    48  5875  2334
   36  220.0876 19.0949   8180    29  5892  2288
   37  220.0894 19.0955   8133    47  5907  2226
   38  220.2161 19.1363   8081    52  5890  2191
   39  220.3901 19.2223   8024    57  5882  2142
   40  220.4995 19.2950   8032     8  5864  2168
   41  220.5919 19.4552   8108    76  5904  2204
   42  220.7133 19.4281   8028    80  5915  2113
   43  220.7263 19.3210   8083    55  5910  2173
   44  220.7155 19.4293   8065    18  5867  2198
   45  220.7237 19.3185   8084    19  5858  2226
   46  220.7956 19.3500   8090     6  5866  2224
   47  220.8069 19.2412   8096     6  5855  2241
   48  220.9466 19.2503   8157    61  5850  2307
   49  221.0450 19.1933   8237    80  5878  2359
   50  221.0018 19.4966   8185    52  5879  2306
   51  221.3027 19.3071   8229    44  5884  2345
   52  221.4544 19.6341   8416   187  5980  2436
   53  221.5806 19.7036   8604   188  5972  2632
   54  221.4792 19.3924   8331   273  5828  2503
   55  221.5020 19.3090   8554   223  5891  2663
   56  221.7478 19.4168   8658   104  5893  2765
   57  221.7472 19.4170   8715    57  5887  2828
   58  221.6018 19.2813   8768    53  5887  2881
   59  221.6107 19.0919   8821    53  5885  2936
   60  221.6689 19.2081   8901    80  5910  2991
   61  222.1228 19.4542   8842    59  5915  2927
   62  222.3943 19.5156   9081   239  5989  3092
   63  222.4942 19.6097   9100    19  6016  3084
   64  222.6025 19.4974   9104     4  5980  3124
   65  222.5119 19.4102   9231   127  5987  3244
   66  222.3610 19.0988   9234     3  5901  3333
   67  222.3609 19.0981   9254    20  5908  3346
   68  222.2518 19.0599   9251     3  5899  3352
   69  222.2064 18.9962   9281    30  5885  3396
   70  221.9677 18.6714   9317    36  5896  3421
   71  221.9664 18.6673   9396    79  5916  3480
   72  221.9665 18.6663   9440    44  5915  3525
   73  221.9668 18.6656   9585   145  5893  3692
   74  222.0639 18.7195   9628    43  5873  3755
   75  222.3708 18.9919   9598    30  5900  3698
   76  222.3947 18.7971   9650    52  5922  3728
   77  222.4936 18.6351   9590    60  5908  3682
   78  222.4947 18.6326   9617    27  5922  3695
   79  222.4955 18.5004   9617     0  5912  3705
   80  222.5787 18.5853   9739   122  5966  3773
   81  222.4080 18.5107   9598   141  5899  3699
   82  222.3158 18.4219   9395   203  5843  3552
   83  222.1209 18.0410   9346    49  5830  3516
   84  222.1186 18.0392   9393    47  5833  3560
   85  221.9972 17.9979   9434    41  5839  3595
   86  221.9982 17.9984   9425     9  5850  3575
   87  222.0009 17.9994   9370    55  5820  3550
   88  222.1252 18.0399   9390    20  5870  3520
   89  222.2375 18.0356   9374    16  5856  3518
   90  222.2890 17.9552   9357    17  5877  3480
   91  222.2916 17.9549   9341    16  5863  3478
   92  222.4965 17.9966   9323    18  5849  3474
   93  222.4981 17.9979   9397    74  5891  3506
   94  222.6617 17.8747   9568   171  5961  3607
   95  222.7544 17.9585   9599    31  5946  3653
   96  222.7544 17.9551   9591     8  5941  3650
   97  222.7560 17.9529   9509    82  5945  3564
   98  222.7937 17.8712   9428    81  5953  3475
   99  222.6991 17.7797   9445    17  5959  3486
  100  222.7936 17.8702   9441     4  5957  3484
  101  222.8120 17.6648   9397    44  5983  3414
  102  223.4037 17.8139   9407    10  5972  3435
  103  223.3717 17.7882   9399     8  5958  3441
  104  223.3889 17.9086   9409    10  5974  3435
  105  223.4386 17.7201   9293   116  5968  3325
  106  223.3797 17.6140   9213    80  5955  3258
  107  223.3780 17.6117   9149    64  5948  3201
  108  223.2059 17.4568   8931   218  5895  3036
  109  223.4074 17.5496   9162   231  5924  3238
  110  223.4077 17.5498   9211    49  5947  3264
  111  223.4904 17.4957   9068   143  5933  3135
  112  223.4059 17.5464   9248   180  5973  3275
  113  223.4063 17.5471   9168    80  5972  3196
  114  223.4054 17.5448   9198    30  5991  3207
  115  223.2247 17.4454   9078   120  5952  3126
  116  223.2725 17.3709   9051    27  5969  3082
  117  223.2226 17.2832   9025    26  6009  3016
  118  223.2028 17.1197   9081    56  6007  3074
  119  223.1136 17.1425   9079     2  6038  3041
  120  223.0822 17.0535   9133    54  6008  3125
  121  223.0793 17.0530   9147    14  5986  3161
  122  223.0757 17.0499   9142     5  5944  3198
  123  223.0746 17.0465   9195    53  5956  3239
  124  222.8771 16.8703   9183    12  5934  3249
  125  222.8783 16.8664   9156    27  5907  3249
  126  222.8780 16.8642   9191    35  5874  3317
  127  222.8957 16.7831   9226    35  5901  3325
  128  222.8730 16.8603   9159    67  5894  3265
  129  222.8982 16.7813   9150     9  5890  3260
  130  222.8971 16.7794   9153     3  5895  3258
  131  222.9491 16.7137   9181    28  5880  3301
  132  222.9505 16.7130   9247    66  5892  3355
  133  223.0181 16.6708   9322    75  5890  3432
  134  222.9909 16.5898   9433   111  5896  3537
  135  222.9931 16.5894   9427     6  5886  3541
  136  222.9948 16.5875   9462    35  5876  3586
  137  222.9969 16.4168   9476    14  5851  3625
  138  223.0033 16.4150   9593   117  5865  3728
  139  222.9821 16.3343   9736   143  5867  3869
  140  223.0043 16.2563   9771    35  5878  3893
  141  223.0079 16.2513   9783    12  5866  3917
  142  223.0048 16.2489   9710    73  5835  3875
  143  223.0047 16.2499   9801    91  5824  3977
  144  223.1834 16.2576   9836    35  5810  4026
  145  223.3053 16.2675   9971   135  5816  4155
  146  223.3772 16.2282  10012    41  5794  4218
  147  223.4540 16.2672  10037    25  5787  4250
  148  223.5085 16.2100  10138   101  5832  4306
  149  223.5112 16.2121  10140     2  5794  4346
  150  223.5167 16.2094  10071    69  5776  4295
  151  223.5185 16.2089  10117    46  5782  4335
  152  223.5191 16.2111  10032    85  5772  4260
  153  223.5330 16.2890  10071    39  5776  4295
  154  223.5650 16.3642  10117    46  5784  4333
  155  223.6358 16.4213  10147    30  5819  4328
  156  223.7119 16.4535  10123    24  5824  4299
  157  223.8373 16.5145  10174    51  5842  4332
  158  223.8370 16.5137  10137    37  5828  4309
  159  223.9245 16.5292  10071    66  5796  4275
  160  223.9271 16.5281  10138    67  5759  4379
  161  223.9914 16.7362  10189    51  5746  4443
  162  223.9935 16.7370  10217    28  5717  4500
  163  224.0371 16.6845  10168    49  5714  4454
  164  224.1116 16.5813  10134    34  5731  4403
  165  224.1860 16.7224  10100    34  5719  4381
  166  224.1912 16.7256   9958   142  5712  4246
  167  224.1865 16.7239   9916    42  5704  4212
  168  224.1129 16.5768   9870    46  5723  4147
  169  224.0651 16.4933   9599   271  5683  3916
  170  223.9190 16.4161   9474   125  5667  3807
  171  223.9227 16.4171   9343   131  5641  3702
  172  224.2005 16.6451   9454   111  5656  3798
  173  224.1216 16.6578   9460     6  5677  3783
  174  224.1252 16.6594   9496    36  5708  3788
  175  224.2467 16.8494   9397    99  5696  3701
  176  224.2458 16.8497   9300    97  5708  3592
  177  224.2488 16.6202   9159   141  5692  3467
  178  224.4531 16.7215   9083    76  5690  3393
  179  224.4559 16.7248   9033    50  5701  3332
  180  224.4054 16.7832   8984    49  5706  3278
  181  224.2600 16.2619   8851   133  5664  3187
  182  224.2608 16.2632   8884    33  5672  3212
  183  224.0708 16.0001   8805    79  5665  3140
  184  224.4069 16.3039   8835    30  5672  3163
  185  224.3314 16.3281   8772    63  5686  3086
  186  224.3273 16.3237   8734    38  5674  3060
  187  224.1428 15.8567   8662    72  5626  3036
  188  224.1365 15.7287   8645    17  5628  3017
  189  224.0862 15.6109   8634    11  5660  2974
  190  224.1347 15.7271   8571    63  5671  2900
  191  223.9993 15.5001   8531    40  5669  2862
  192  223.9968 15.4968   8335   196  5650  2685
  193  223.8631 15.4510   8277    58  5687  2590
  194  223.9980 15.4957   8251    26  5724  2527
  195  223.9503 15.2533   8226    25  5729  2497
  196  224.2060 15.4581   8249    23  5692  2557
  197  224.3799 15.6131   8393   144  5761  2632
  198  224.2056 15.4577   8261   132  5692  2569
  199  224.0928 15.3212   8213    48  5718  2495
  200  224.1459 15.8517   8298    85  5771  2527
  201  224.0540 15.7481   8201    97  5803  2398
  202  224.0574 15.6318   8170    31  5817  2353
  203  224.0540 15.7489   8130    40  5807  2323
  204  224.0539 15.6310   8119    11  5789  2330
  205  224.0007 15.5009   8029    90  5773  2256
  206  223.8838 15.5276   7964    65  5758  2206
  207  223.9275 15.2857   7866    98  5704  2162
  208  223.7072 15.2936   7912    46  5684  2228
  209  223.7517 15.4363   7893    19  5690  2203
  210  223.6020 15.3986   7910    17  5688  2222
  211  223.7142 15.0730   7884    26  5659  2225
  212  223.7141 15.0731   7847    37  5678  2169
