   40  291.4561 322.6383  17061     0 10274  6787
   41  291.6146 322.6164  16572   489 10060  6512
   42  291.4029 322.5994  16984   412 10136  6848
   43  291.7762 322.5013  16441   543  9952  6489
   44  291.8934 322.5777  16460    19 10028  6432
   45  292.0003 322.3832  16410    50  9915  6495
   46  292.1235 322.1706  16502    92  9939  6563
   47  292.0378 322.1123  16649   147  9923  6726
   48  291.8327 322.1014  17042   393  9994  7048
   49  292.0002 321.9995  17152   110  9981  7171
   50  291.9988 321.9085  17121    31  9991  7130
   51  291.9753 322.0855  17295   174  9976  7319
   52  292.0923 322.2036  17515   220  9974  7541
   53  292.0970 322.2024  17693   178 10004  7689
   54  292.1227 322.4239  17973   280 10044  7929
   55  292.3436 322.4179  18228   255 10056  8172
   56  292.2632 322.4591  18358   130  9976  8382
   57  292.4043 322.5717  18589   231 10098  8491
   58  292.6787 322.5584  18370   219 10069  8301
   59  292.6855 322.3152  18289    81  9948  8341
   60  292.6093 322.2980  18256    33 10018  8238
   61  292.6100 322.2946  18180    76 10077  8103
   62  292.7950 322.2033  18105    75 10039  8066
   63  292.8278 322.2189  18007    98 10089  7918
   64  292.7524 322.1998  17855   152 10128  7727
   65  292.7518 322.1912  17974   119 10091  7883
   66  292.8063 321.8899  17955    19 10081  7874
   67  292.8346 321.7997  17881    74 10087  7794
   68  292.8988 321.7248  18043   162 10118  7925
   69  292.8377 321.6839  18185   142 10122  8063
   70  292.8195 321.5981  18346   161 10164  8182
   71  292.8654 321.5180  18501   155 10149  8352
   72  292.9085 321.3911  18243   258 10194  8049
   73  292.9130 321.3868  18334    91 10175  8159
   74  292.8684 321.3281  18430    96 10179  8251
   75  292.8713 321.3235  18466    36 10158  8308
   76  292.9077 321.2403  18488    22 10199  8289
   77  292.8314 321.1349  18457    31 10230  8227
   78  292.7893 321.3122  18534    77 10268  8266
   79  292.6384 321.3794  18477    57 10361  8116
   80  292.6405 321.3832  18265   212 10392  7873
   81  292.7194 321.4978  18341    76 10472  7869
   82  292.6392 321.5361  18703   362 10588  8115
   83  292.6158 321.3242  18267   436 10659  7608
   84  292.5159 321.0952  18095   172 10794  7301
   85  292.5135 321.1014  18062    33 10799  7263
   86  292.5500 320.7940  17850   212 10673  7177
   87  292.4055 320.4865  17209   641 10705  6504
   88  292.1273 320.5007  17135    74 10545  6590
   89  292.2086 320.3354  16971   164 10525  6446
   90  292.3820 320.3098  16907    64 10348  6559
   91  292.2619 320.2184  16748   159 10221  6527
   92  292.2602 320.2170  16697    51 10077  6620
   93  292.4972 320.0013  16680    17 10034  6646
   94  292.6615 319.7966  16936   256 10133  6803
   95  292.5536 319.8914  16938     2 10080  6858
   96  292.6650 319.7964  16964    26 10061  6903
   97  292.7280 319.9097  16902    62 10039  6863
   98  292.9533 319.8288  16903     1 10009  6894
   99  292.9080 319.9564  16882    21  9898  6984
  100  292.7628 320.0015  16695   187  9894  6801
  101  293.3677 319.5898  16590   105  9918  6672
  102  293.6164 319.5072  16568    22  9942  6626
  103  294.2452 319.0041  16217   351  9928  6289
  104  294.5398 318.7510  16232    15 10094  6138
  105  294.1239 319.1785  16114   118  9974  6140
  106  294.3128 319.1263  15953   161  9942  6011
  107  293.8583 319.5054  15862    91  9844  6018
  108  293.4192 319.8459  15473   389  9803  5670
  109  293.7222 319.6879  15658   185  9749  5909
  110  294.2864 319.4513  15546   112  9704  5842
  111  294.7429 319.1317  15749   203  9695  6054
  112  294.8711 319.0371  15637   112  9634  6003
  113  294.5535 319.1670  15428   209  9534  5894
  114  294.7297 319.0060  15334    94  9433  5901
  115  294.8251 318.8697  15313    21  9337  5976
  116  294.7041 318.9511  15291    22  9294  5997
  117  294.3212 319.2831  14951   340  9309  5642
  118  293.9893 319.5115  14764   187  9350  5414
  119  293.9287 319.7935  14765     1  9353  5412
  120  293.9057 319.6647  14653   112  9306  5347
  121  293.9001 319.7645  14471   182  9321  5150
  122  293.8283 319.9396  14412    59  9342  5070
  123  293.6818 320.2744  14447    35  9348  5099
  124  293.6845 320.2755  14390    57  9435  4955
  125  293.4755 320.3008  14243   147  9511  4732
  126  293.4917 320.5039  14210    33  9557  4653
  127  293.4161 320.5795  14243    33  9588  4655
  128  293.3938 320.4833  14248     5  9587  4661
  129  293.0936 320.7138  14101   147  9693  4408
  130  292.9483 320.7517  14101     0  9735  4366
  131  292.9473 320.7497  14076    25  9819  4257
  132  292.9482 320.7502  14119    43  9831  4288
  133  292.9468 320.7498  14065    54  9850  4215
  134  292.9475 320.7491  13987    78  9912  4075
  135  292.8399 320.8400  13859   128  9985  3874
  136  292.8412 320.8406  13794    65  9970  3824
  137  292.8412 320.8419  13634   160  9940  3694
  138  292.5904 320.8827  13562    72  9996  3566
  139  292.7351 320.8016  13476    86  9919  3557
  140  292.8586 320.7159  13462    14  9967  3495
  141  292.8587 320.7150  13414    48  9961  3453
  142  292.8897 320.7218  13395    19 10040  3355
  143  292.7180 320.5035  13249   146 10061  3188
  144  292.8478 320.5402  13294    45 10115  3179
  145  292.8480 320.5395  13171   123 10119  3052
  146  292.8682 320.5349  13055   116 10102  2953
  147  292.9992 320.5001  13047     8 10080  2967
  148  293.0007 320.5002  13030    17 10158  2872
  149  293.0032 320.4995  12804   226 10179  2625
  150  293.0035 320.4998  12740    64 10213  2527
  151  293.2839 320.4981  12662    78 10195  2467
  152  293.3969 320.4006  12689    27 10237  2452
  153  293.2118 320.3696  12768    79 10227  2541
  154  293.2022 320.4998  12816    48 10278  2538
  155  293.2140 320.3703  12774    42 10307  2467
  156  293.3528 320.5285  12775     1 10433  2342
  157  293.5003 320.4996  12462   313 10289  2173
  158  293.4018 320.3989  12448    14 10207  2241
  159  293.5001 320.4988  12321   127 10221  2100
  160  293.4970 320.4985  12434   113 10214  2220
  161  293.4965 320.4988  12449    15 10135  2314
  162  293.4999 320.4964  12430    19 10151  2279
  163  293.5998 320.4003  12492    62 10215  2277
  164  293.7128 320.4999  12448    44 10323  2125
  165  293.6171 320.6133  12541    93 10312  2229
  166  293.6170 320.6133  12668   127 10267  2401
  167  293.8001 320.5000  12797   129 10292  2505
