   25  315.9088 179.3622  12369     0  8401  3968
   26  315.7497 179.4168  12373     4  8408  3965
   27  315.6008 179.5988  12385    12  8371  4014
   28  315.6008 179.6000  12416    31  8373  4043
   29  315.9456 179.4748  12673   257  8336  4337
   30  315.9461 179.2130  12654    19  8318  4336
   31  316.1560 179.1601  12586    68  8331  4255
   32  316.2476 179.4576  12574    12  8306  4268
   33  316.1245 179.6649  12509    65  8256  4253
   34  316.2011 179.5609  12498    11  8224  4274
   35  316.2207 179.4850  12499     1  8198  4301
   36  316.0413 179.6033  12332   167  8177  4155
   37  316.1127 179.6953  12398    66  8183  4215
   38  315.9974 179.6850  12344    54  8215  4129
   39  316.0341 179.7809  12140   204  8148  3992
   40  315.8226 179.6150  12087    53  8206  3881
   41  315.9997 179.6803  12043    44  8220  3823
   42  316.2506 179.5820  12069    26  8153  3916
   43  316.2070 179.5035  11975    94  8064  3911
   44  316.1926 179.3399  12069    94  8044  4025
   45  316.2490 179.4219  12043    26  7997  4046
   46  316.2531 179.4213  12066    23  8026  4040
   47  316.3236 179.5020  11925   141  7986  3939
   48  316.2503 179.4224  12013    88  7999  4014
   49  316.4106 179.5500  11935    78  7925  4010
   50  316.3580 179.6348  11911    24  7934  3977
   51  316.3583 179.6364  11878    33  7920  3958
   52  316.2847 179.5515  11877     1  7944  3933
   53  316.1868 179.5362  11844    33  7901  3943
   54  316.0370 179.7129  11956   112  7941  4015
   55  316.4174 179.5813  11924    32  7961  3963
   56  316.4186 179.5816  11928     4  7949  3979
   57  316.4936 179.5113  11893    35  7987  3906
   58  316.4944 179.5102  11873    20  7924  3949
   59  316.4974 179.5055  11794    79  7912  3882
   60  316.6012 179.5190  11955   161  8003  3952
   61  316.6018 179.5142  11787   168  7981  3806
   62  316.6001 179.5156  11746    41  7998  3748
   63  316.7004 179.4971  11771    25  7971  3800
   64  316.7067 179.4934  11777     6  7947  3830
   65  316.7880 179.4517  11702    75  7925  3777
   66  316.8386 179.3739  11570   132  7939  3631
   67  316.9325 179.4185  11433   137  7870  3563
   68  316.8426 179.3740  11433     0  7877  3556
   69  316.9342 179.4152  11288   145  7887  3401
   70  317.0664 179.3068  11243    45  7898  3345
   71  317.0351 179.1111  11263    20  7886  3377
   72  317.0359 179.2125  11193    70  7842  3351
   73  317.0371 179.2306  11012   181  7832  3180
   74  317.2374 179.2040  10947    65  7842  3105
   75  317.3313 179.1289  10884    63  7835  3049
   76  317.5020 179.2937  10888     4  7893  2995
   77  317.5384 179.1577  10913    25  7901  3012
   78  317.6652 179.1907  10878    35  7836  3042
   79  317.7829 179.1812  11047   169  7826  3221
   80  317.8284 179.1066  11017    30  7856  3161
   81  317.8234 179.1014  11017     0  7859  3158
   82  317.8232 179.1016  11034    17  7859  3175
   83  317.8214 179.1017  10994    40  7893  3101
   84  317.8247 179.1014  11050    56  7904  3146
   85  317.8256 179.0976  11141    91  7929  3212
   86  317.8937 179.0312  11057    84  7898  3159
   87  317.7857 178.7887  11161   104  7938  3223
   88  317.7292 178.7047  11212    51  7943  3269
   89  317.5244 178.6923  11314   102  7946  3368
   90  317.4250 178.6546  11233    81  7953  3280
   91  317.5236 178.6897  11350   117  7978  3372
   92  317.5220 178.6918  11338    12  7984  3354
   93  317.5251 178.6926  11276    62  7997  3279
   94  317.8183 178.6812  11317    41  8012  3305
   95  317.7281 178.7032  11294    23  8021  3273
   96  317.7270 178.7026  11258    36  7988  3270
   97  317.3547 178.5885  11290    32  8036  3254
   98  317.6176 178.6742  11430   140  8042  3388
   99  317.6501 178.6050  11599   169  8075  3524
  100  317.6542 178.6064  11707   108  8093  3614
  101  317.6576 178.6026  11914   207  8095  3819
  102  317.6616 178.6018  11970    56  8098  3872
  103  317.6626 178.6011  12109   139  8155  3954
  104  317.6639 178.6012  12196    87  8117  4079
  105  317.9002 178.5091  12448   252  8045  4403
  106  317.8308 178.4488  12548   100  8121  4427
  107  317.8308 178.4500  12730   182  8171  4559
  108  317.8319 178.4491  12880   150  8183  4697
  109  317.8340 178.4501  12852    28  8210  4642
  110  317.9942 178.4940  12783    69  8241  4542
  111  317.8268 178.4206  12739    44  8261  4478
  112  317.9935 178.4961  12858   119  8222  4636
  113  318.0933 178.5087  12876    18  8175  4701
  114  318.2393 178.5771  12977   101  8172  4805
  115  318.3396 178.5888  12998    21  8136  4862
  116  318.3458 178.5888  13062    64  8111  4951
  117  318.3501 178.5911  13030    32  8118  4912
  118  318.3545 178.5919  13054    24  8110  4944
  119  318.4993 178.5002  13005    49  8011  4994
  120  318.5867 178.4661  13108   103  8127  4981
  121  318.7349 178.4415  13124    16  8119  5005
  122  318.9955 178.5009  13108    16  8027  5081
  123  318.9943 178.5019  13066    42  8129  4937
  124  318.8967 178.4886  13195   129  8191  5004
  125  318.8967 178.4890  13232    37  8190  5042
  126  318.8272 178.4274  13338   106  8195  5143
  127  318.8384 178.3757  13410    72  8172  5238
  128  318.7278 178.2863  13378    32  8114  5264
  129  318.8108 178.2673  13360    18  8070  5290
  130  318.8369 178.1922  13432    72  8058  5374
  131  318.9032 178.2698  13363    69  8087  5276
  132  318.9268 178.1964  13360     3  8016  5344
  133  318.9018 178.2716  13232   128  7987  5245
  134  318.8364 178.1928  13227     5  7975  5252
  135  318.8375 178.1923  13212    15  7997  5215
  136  318.7949 178.1189  13227    15  8012  5215
  137  318.7967 178.1193  13086   141  7915  5171
  138  318.9271 178.1920  13001    85  7904  5097
  139  318.9261 178.1898  12905    96  7848  5057
  140  318.9274 178.1854  12761   144  7853  4908
  141  318.9978 178.0006  12719    42  7868  4851
  142  318.9495 177.9304  12762    43  7823  4939
  143  318.8758 177.9780  12767     5  7814  4953
  144  318.8000 177.9272  12695    72  7820  4875
  145  318.8012 177.9282  12613    82  7824  4789
  146  318.8413 177.7893  12537    76  7788  4749
  147  318.8616 177.7025  12517    20  7772  4745
  148  318.8561 177.6134  12492    25  7747  4745
  149  318.8531 177.6123  12460    32  7717  4743
  150  318.8526 177.6086  12501    41  7742  4759
  151  318.8503 177.6110  12520    19  7736  4784
  152  318.8506 177.6146  12491    29  7717  4774
  153  318.8510 177.6117  12566    75  7707  4859
  154  318.8509 177.6088  12736   170  7717  5019
  155  318.8545 177.6073  12820    84  7750  5070
  156  318.8550 177.6057  12905    85  7781  5124
  157  318.8520 177.6052  13067   162  7767  5300
  158  318.8577 177.6041  13096    29  7778  5318
  159  318.9940 177.4958  13104     8  7965  5139
  160  318.9970 177.4964  13146    42  8032  5114
  161  319.0878 177.4553  13268   122  8064  5204
  162  319.0866 177.4576  13220    48  8147  5073
  163  319.1938 177.4694  13359   139  8245  5114
  164  319.4651 177.3662  13517   158  8376  5141
  165  319.5355 177.4354  13903   386  8518  5385
  166  319.4696 177.5635  13861    42  8454  5407
  167  319.5970 177.4863  14114   253  8714  5400
  168  319.5950 177.4842  14292   178  8717  5575
  169  319.6886 177.5526  14547   255  8671  5876
  170  319.6869 177.5528  14588    41  8673  5915
  171  319.8588 177.5564  14571    17  8679  5892
  172  319.9391 177.6277  14531    40  8657  5874
  173  319.9401 177.6286  14531     0  8644  5887
  174  320.2695 177.6927  14530     1  8641  5889
  175  320.3152 177.6290  14545    15  8578  5967
  176  320.4876 177.5773  14401   144  8605  5796
  177  320.4867 177.5772  14433    32  8574  5859
  178  320.5659 177.6570  14601   168  8446  6155
  179  320.5800 177.5813  14615    14  8409  6206
  180  320.8534 177.7474  14539    76  8440  6099
  181  320.8552 177.7468  14492    47  8416  6076
  182  320.9248 177.8482  14433    59  8371  6062
  183  321.0011 177.7188  14378    55  8318  6060
  184  321.0332 177.7361  14414    36  8297  6117
  185  320.9989 177.5004  14268   146  8273  5995
  186  321.3036 177.5772  14134   134  8236  5898
  187  321.3049 177.5766  14082    52  8170  5912
  188  321.4348 177.5579  13962   120  8134  5828
  189  321.4374 177.5580  13920    42  8179  5741
  190  320.8747 177.2926  13714   206  8146  5568
  191  321.0441 177.4271  13674    40  8123  5551
  192  320.9990 177.4984  13577    97  8116  5461
  193  320.9969 177.4195  13519    58  8184  5335
  194  320.6242 177.1259  13421    98  8296  5125
  195  320.2985 177.1992  13226   195  8438  4788
