    0  99.1802 151.9945   9886     0  7418  2468
    1  99.1800 151.9937   9877     9  7336  2541
    2  99.1007 151.9043   9799    78  7278  2521
    3  99.2743 151.5053   9709    90  7265  2444
    4  99.1782 151.4397   9668    41  7194  2474
    5  99.0464 151.4024   9681    13  7125  2556
    6  99.0426 151.3986   9677     4  7080  2597
    7  99.0028 151.2948   9575   102  7065  2510
    8  98.9970 151.0072   9467   108  7025  2442
    9  98.9981 151.0063   9470     3  7041  2429
   10  98.9979 151.0065   9517    47  7056  2461
   11  98.9977 151.0059   9523     6  7078  2445
   12  98.9094 151.0964   9506    17  7046  2460
   13  98.9098 151.0952   9574    68  7069  2505
   14  98.9068 151.0950   9518    56  7050  2468
   15  98.9924 151.0014   9467    51  6989  2478
   16  98.9913 151.0005   9463     4  7004  2459
   17  98.9915 150.9998   9418    45  6998  2420
   18  98.7804 150.9152   9481    63  7003  2478
   19  98.7811 150.9140   9569    88  7024  2545
   20  98.6016 150.9582   9625    56  7075  2550
   21  98.5588 150.9162   9606    19  7145  2461
   22  98.3363 150.8719   9440   166  7132  2308
   23  98.3891 150.7799   9459    19  7200  2259
   24  98.1478 150.8057   9438    21  7246  2192
   25  98.1455 150.8059   9385    53  7279  2106
   26  98.1441 150.8027   9424    39  7315  2109
   27  98.0871 150.5011   9535   111  7324  2211
   28  98.0871 150.5009   9615    80  7375  2240
   29  98.0869 150.5014   9649    34  7431  2218
   30  98.1762 150.4338   9706    57  7322  2384
   31  98.0974 150.0976   9814   108  7366  2448
   32  98.0968 150.0956   9815     1  7367  2448
   33  98.0977 150.0949   9909    94  7433  2476
   34  98.3038 150.1027   9986    77  7501  2485
   35  98.3052 150.0999  10072    86  7525  2547
   36  98.3724 149.9998  10105    33  7536  2569
   37  98.5002 149.9989  10175    70  7681  2494
   38  98.5901 150.1127  10265    90  7751  2514
   39  98.7345 149.6664  10418   153  7779  2639
   40  98.9410 149.8231  10530   112  7824  2706
   41  98.9448 149.6670  10686   156  7862  2824
   42  98.9340 149.7965  10675    11  7936  2739
   43  98.8587 149.6416  10694    19  7923  2771
   44  98.8689 149.4672  10679    15  7791  2888
   45  99.0006 149.4996  10661    18  7750  2911
   46  99.0010 149.3099  10684    23  7813  2871
   47  99.1674 149.5838  10861   177  8045  2816
   48  99.3997 149.8661  10949    88  8032  2917
   49  99.5876 150.1174  11090   141  8164  2926
   50  99.5893 150.1169  11107    17  8168  2939
   51  99.6017 149.9330  11108     1  8167  2941
   52  99.9151 149.8346  11146    38  8129  3017
   53  99.9286 150.1424  11246   100  8115  3131
   54  99.7248 149.6688  11320    74  8133  3187
   55  99.8357 149.6153  11359    39  8130  3229
   56  100.1354 149.8183  11450    91  8134  3316
   57  99.9226 149.4016  11551   101  8037  3514
   58  100.0885 149.4785  11620    69  8012  3608
   59  100.2180 149.3056  11630    10  8020  3610
   60  100.0050 149.0064  11633     3  7997  3636
   61  100.1299 149.3350  11689    56  7954  3735
   62  100.0460 149.1205  11642    47  7934  3708
   63  100.1592 149.5338  11717    75  7897  3820
   64  100.0781 149.3244  11675    42  7835  3840
   65  100.3548 149.5325  11856   181  7824  4032
   66  100.3232 149.6086  11913    57  7784  4129
   67  100.2692 149.6944  11854    59  7757  4097
   68  100.4039 149.6514  11927    73  7753  4174
   69  100.4169 149.5481  11973    46  7747  4226
   70  100.4180 149.5488  11924    49  7717  4207
   71  100.3780 149.8373  11861    63  7706  4155
   72  100.3691 149.6341  11829    32  7667  4162
   73  100.5276 149.8525  11798    31  7707  4091
   74  100.5278 149.8537  11791     7  7693  4098
   75  100.4590 149.9134  11886    95  7592  4294
   76  100.4576 149.9137  11833    53  7603  4230
   77  100.3650 149.9169  11865    32  7600  4265
   78  100.4095 149.8411  11912    47  7561  4351
   79  100.3219 149.8153  11902    10  7560  4342
   80  100.3193 149.8093  11880    22  7579  4301
   81  100.2381 149.5724  11812    68  7501  4311
   82  100.2984 149.5015  11745    67  7423  4322
   83  100.2968 149.5017  11711    34  7376  4335
   84  100.2984 149.5009  11633    78  7374  4259
   85  100.2048 149.5404  11573    60  7328  4245
   86  100.2970 149.5001  11531    42  7311  4220
   87  100.2059 149.5373  11465    66  7295  4170
   88  100.2040 149.5381  11365   100  7275  4090
   89  100.2061 149.5428  11212   153  7277  3935
   90  100.1919 149.5026  11087   125  7285  3802
   91  100.1310 149.6233  10987   100  7233  3754
   92  100.3348 149.5989  10911    76  7257  3654
   93  100.4982 149.4979  10721   190  7217  3504
   94  100.4072 149.4440  10664    57  7238  3426
   95  100.4027 149.2430  10583    81  7251  3332
   96  100.5009 149.1702  10497    86  7182  3315
   97  100.6670 149.1273  10330   167  7166  3164
   98  100.6673 149.1254  10214   116  7160  3054
   99  100.6702 149.1260  10162    52  7115  3047
  100  100.9992 149.0026  10099    63  7100  2999
  101  101.0019 148.9995  10040    59  7042  2998
  102  101.0021 148.9976   9964    76  7035  2929
  103  100.9519 148.8983   9930    34  7066  2864
  104  101.0030 148.6668   9863    67  7078  2785
  105  101.1199 148.4120   9675   188  7068  2607
  106  101.1209 148.4109   9627    48  7062  2565
  107  101.1617 148.1614   9516   111  7075  2441
  108  101.3033 148.1506   9456    60  7075  2381
  109  101.4228 148.1035   9382    74  7092  2290
  110  101.5780 147.8956   9372    10  7097  2275
  111  101.7470 147.6278   9349    23  7098  2251
  112  101.7478 147.6280   9255    94  7154  2101
  113  101.6008 147.6021   9233    22  7128  2105
  114  101.7491 147.6268   9262    29  7235  2027
  115  101.7497 147.6252   9233    29  7242  1991
  116  101.7494 147.6254   9229     4  7237  1992
  117  101.8788 147.5888   9231     2  7237  1994
  118  101.5046 147.5012   9200    31  7222  1978
  119  101.7758 147.5018   9209     9  7209  2000
  120  101.7756 147.5013   9179    30  7212  1967
  121  101.7745 147.5008   9193    14  7235  1958
  122  101.7872 147.6284   9285    92  7249  2036
  123  101.7774 147.5005   9285     0  7256  2029
  124  101.7882 147.6292   9284     1  7282  2002
  125  101.7893 147.6294   9243    41  7352  1891
  126  101.8021 147.5009   9247     4  7354  1893
  127  101.7642 147.6160   9259    12  7336  1923
  128  101.9974 147.2964   9302    43  7287  2015
  129  101.9984 147.2929   9285    17  7318  1967
  130  101.9993 147.2923   9310    25  7287  2023
  131  102.0003 147.2904   9335    25  7321  2014
  132  101.9981 147.1767   9278    57  7281  1997
  133  102.0854 147.0967   9278     0  7268  2010
  134  102.0862 147.0966   9270     8  7237  2033
  135  102.0879 147.0960   9219    51  7231  1988
  136  102.0884 147.0965   9212     7  7223  1989
  137  102.0893 147.0954   9172    40  7224  1948
  138  102.0900 147.0952   9266    94  7273  1993
  139  102.0910 147.0951   9273     7  7266  2007
  140  102.0902 147.0950   9329    56  7335  1994
  141  102.0916 147.0950   9340    11  7368  1972
  142  102.0914 147.0958   9392    52  7347  2045
  143  102.0924 147.0952   9348    44  7366  1982
  144  102.0917 147.0916   9374    26  7330  2044
  145  102.0945 147.0896   9397    23  7347  2050
  146  102.0046 146.9987   9373    24  7320  2053
  147  102.2904 146.9997   9370     3  7329  2041
  148  102.2916 146.9979   9350    20  7395  1955
  149  102.2917 146.9980   9318    32  7452  1866
  150  102.4966 147.0003   9295    23  7565  1730
  151  102.4980 147.0006   9279    16  7537  1742
  152  102.5020 146.9973   9231    48  7531  1700
  153  102.6673 146.8747   9182    49  7536  1646
  154  102.6685 146.8754   9065   117  7479  1586
  155  102.6674 146.8743   9058     7  7451  1607
  156  102.7832 146.9097   9053     5  7420  1633
  157  102.7832 146.9094   9057     4  7443  1614
  158  102.9078 146.9071   9056     1  7492  1564
  159  102.9095 146.9057   9026    30  7493  1533
  160  103.0001 146.9971   8978    48  7470  1508
  161  103.0515 146.9001   8988    10  7454  1534
  162  103.1590 146.8435   8954    34  7488  1466
  163  103.1590 146.8435   8936    18  7458  1478
  164  103.3136 147.1240   8928     8  7452  1476
  165  103.4667 147.1312   8943    15  7410  1533
  166  103.4996 146.9992   8933    10  7411  1522
  167  103.3554 146.9975   9042   109  7422  1620
  168  103.5003 146.7167   8957    85  7423  1534
  169  103.5013 146.7160   8992    35  7448  1544
  170  103.6677 146.7343   8952    40  7490  1462
  171  103.9970 146.5034   8924    28  7493  1431
  172  104.0011 146.5019   8962    38  7456  1506
  173  104.1168 146.5882   8968     6  7452  1516
  174  104.1172 146.5866   8927    41  7467  1460
  175  104.1178 146.5873   8992    65  7495  1497
  176  104.2112 146.6303   8996     4  7492  1504
  177  104.2397 146.6171   9033    37  7487  1546
  178  104.5010 146.5006   9110    77  7492  1618
  179  104.5037 146.5014   9083    27  7586  1497
  180  104.5048 146.4990   9081     2  7638  1443
  181  104.6384 146.3650   9075     6  7641  1434
  182  104.7923 146.2113   9105    30  7555  1550
  183  104.9973 146.2900   9145    40  7564  1581
  184  104.9997 146.1744   9110    35  7478  1632
  185  105.0892 146.0925   9163    53  7494  1669
  186  105.1714 146.0023   9242    79  7476  1766
  187  105.1963 145.9238   9247     5  7588  1659
  188  105.2891 146.0000   9300    53  7607  1693
  189  105.4921 145.9985   9379    79  7534  1845
  190  105.4964 145.9970   9314    65  7493  1821
  191  105.4988 145.6720   9430   116  7465  1965
  192  105.4996 145.6706   9395    35  7398  1997
  193  105.5001 145.6676   9461    66  7367  2094
  194  105.5465 145.5834   9472    11  7307  2165
  195  105.5491 145.5838   9527    55  7253  2274
  196  105.5500 145.5825   9527     0  7222  2305
  197  105.5557 145.5825   9557    30  7244  2313
  198  105.7565 145.5738   9625    68  7225  2400
  199  105.7592 145.5725   9557    68  7172  2385
  200  105.7589 145.5733   9581    24  7160  2421
  201  105.7111 145.4989   9625    44  7164  2461
  202  105.7077 145.5004   9677    52  7176  2501
  203  105.7080 145.4999   9668     9  7116  2552
  204  105.7090 145.4975   9619    49  7091  2528
  205  105.8225 145.3560   9604    15  7003  2601
  206  105.8144 145.2831   9575    29  6949  2626
  207  105.9095 145.3018   9560    15  6900  2660
  208  106.0848 145.3000   9548    12  6889  2659
  209  106.0947 145.1303   9480    68  6852  2628
  210  105.9983 145.0044   9437    43  6852  2585
  211  105.7978 145.0023   9452    15  6830  2622
  212  105.8935 145.0356   9458     6  6856  2602
  213  105.8197 144.9653   9467     9  6870  2597
  214  105.7001 144.9627   9468     1  6880  2588
  215  105.7656 145.0376   9412    56  6869  2543
  216  105.7854 145.0813   9420     8  6848  2572
  217  105.9976 144.9977   9323    97  6868  2455
  218  105.9465 144.8990   9299    24  6877  2422
  219  105.8405 144.8424   9279    20  6887  2392
  220  105.6460 144.9992   9232    47  6899  2333
  221  105.5006 144.7182   9180    52  6913  2267
  222  105.4991 144.7160   9112    68  6936  2176
