    0  456.1298 74.1752  18944     0  9151  9793
    1  456.1339 74.1759  18927    17  9172  9755
    2  456.3956 74.1789  18938    11  9180  9758
    3  456.5312 74.0677  18631   307  8824  9807
    4  456.5502 74.3312  18504   127  8786  9718
    5  456.5506 74.3292  18418    86  8834  9584
    6  456.5490 74.3323  18259   159  8878  9381
    7  456.5491 74.3313  18100   159  8968  9132
    8  456.5533 74.3317  17986   114  9001  8985
    9  456.9696 74.1590  17917    69  8974  8943
   10  457.0195 74.0797  17803   114  8907  8896
   11  456.9968 74.0031  17607   196  8839  8768
   12  457.0229 74.0760  17397   210  8813  8584
   13  457.0006 74.0020  17317    80  8802  8515
   14  457.2099 73.8937  17122   195  8857  8265
   15  457.2150 73.8913  17100    22  8915  8185
   16  457.6150 73.8174  16702   398  8560  8142
   17  457.7119 73.7946  16640    62  8607  8033
   18  457.8107 73.5288  16351   289  8558  7793
   19  457.9058 73.4861  16189   162  8450  7739
   20  457.9967 73.4994  16145    44  8471  7674
   21  458.0003 73.4990  16009   136  8477  7532
   22  458.1892 73.4677  15847   162  8496  7351
   23  458.2601 73.3882  15792    55  8567  7225
   24  458.4491 73.4200  15700    92  8640  7060
   25  458.3728 73.5016  15795    95  8826  6969
   26  458.2650 73.7075  15858    63  8837  7021
   27  458.3226 73.8530  15931    73  8895  7036
   28  458.2370 74.0266  15969    38  8895  7074
   29  458.3627 74.2086  15954    15  8839  7115
   30  458.4510 74.2853  15801   153  8797  7004
   31  458.5294 74.3396  15717    84  8367  7350
   32  458.4261 74.3606  15571   146  8732  6839
   33  458.4249 74.3599  15456   115  8755  6701
   34  458.5700 74.4253  15347   109  8457  6890
   35  458.5307 74.3521  15197   150  8474  6723
   36  458.6262 74.3110  15055   142  8468  6587
   37  458.8770 74.3807  14869   186  8504  6365
   38  458.8713 74.4019  14778    91  8496  6282
   39  458.9665 74.4193  14703    75  8470  6233
   40  459.0308 74.3390  14553   150  8487  6066
   41  459.0660 74.1647  14459    94  8489  5970
   42  459.1727 74.1052  14299   160  8488  5811
   43  459.4594 74.1529  14201    98  8533  5668
   44  459.4589 74.1550  14185    16  8545  5640
   45  459.3951 74.1781  14262    77  8530  5732
   46  459.2893 74.1080  14323    61  8529  5794
   47  459.2760 74.2071  14374    51  8533  5841
   48  459.1715 74.1999  14475   101  8574  5901
   49  459.1756 74.1048  14430    45  8561  5869
   50  459.1770 74.1033  14500    70  8576  5924
   51  459.1765 74.1032  14512    12  8619  5893
   52  459.1752 74.1027  14426    86  8584  5842
   53  459.0700 74.1637  14389    37  8612  5777
   54  459.0683 74.1650  14332    57  8594  5738
   55  459.0317 74.3386  14289    43  8586  5703
   56  458.9720 74.4167  14342    53  8504  5838
   57  459.0337 74.3380  14315    27  8449  5866
   58  459.3883 74.1739  14229    86  8506  5723
   59  459.3876 74.1726  14221     8  8483  5738
   60  459.4949 73.8042  14235    14  8500  5735
   61  459.3339 73.8012  14261    26  8608  5653
   62  459.4182 73.7427  14410   149  8641  5769
   63  459.4490 73.4226  14367    43  8642  5725
   64  459.4521 73.4196  14394    27  8668  5726
   65  459.4520 73.4176  14337    57  8678  5659
   66  459.3679 73.3648  14309    28  8626  5683
   67  459.3660 73.3632  14421   112  8584  5837
   68  459.4496 73.4162  14416     5  8573  5843
   69  459.2925 73.2876  14529   113  8528  6001
   70  459.2908 73.2872  14587    58  8552  6035
   71  459.2897 73.2871  14628    41  8563  6065
   72  459.2867 73.2871  14766   138  8617  6149
   73  459.2698 73.3322  14920   154  8579  6341
   74  459.3198 73.4087  15042   122  8610  6432
   75  459.1388 73.3869  15122    80  8629  6493
   76  459.0888 73.3134  15195    73  8698  6497
   77  459.1402 73.3858  15198     3  8713  6485
   78  459.2719 73.3308  15178    20  8755  6423
   79  459.1757 73.0010  15110    68  8777  6333
   80  459.3032 72.9103  15093    17  8808  6285
   81  459.3821 72.8526  15189    96  8881  6308
   82  459.4369 72.6911  15211    22  8973  6238
   83  459.4128 72.6780  15326   115  8991  6335
   84  459.5984 72.6894  15443   117  8667  6776
   85  459.8006 72.8331  15510    67  8729  6781
   86  459.7555 72.7576  15606    96  8781  6825
   87  459.7765 72.6676  15614     8  8765  6849
   88  459.7732 72.6688  15608     6  8806  6802
   89  459.8199 72.6502  15583    25  8805  6778
   90  459.8250 72.7436  15618    35  8826  6792
   91  459.9104 72.6885  15620     2  8857  6763
   92  459.9087 72.6882  15567    53  8881  6686
   93  459.9077 72.6855  15491    76  8968  6523
   94  459.9075 72.6855  15458    33  8977  6481
   95  459.9959 72.7334  15444    14  8982  6462
   96  459.9111 72.6846  15516    72  9027  6489
   97  459.9982 72.7367  15641   125  9058  6583
   98  460.0007 72.7388  15655    14  9121  6534
   99  460.1169 73.1386  15757   102  9188  6569
  100  460.2657 73.3449  15788    31  9233  6555
  101  460.2123 73.2679  15800    12  9254  6546
  102  460.1902 73.1318  15892    92  9227  6665
  103  460.2300 72.9991  15928    36  9167  6761
  104  460.5333 73.0682  16054   126  8855  7199
  105  460.6175 72.9046  16151    97  8935  7216
  106  460.6572 72.9757  16206    55  9004  7202
  107  460.8511 73.1914  16228    22  9003  7225
  108  460.7717 73.1498  16148    80  9000  7148
  109  460.7949 73.2273  16197    49  9027  7170
  110  461.0503 73.4255  16165    32  9039  7126
  111  461.1362 73.3868  16140    25  9065  7075
  112  461.0539 73.4298  16082    58  9002  7080
  113  461.1991 73.4588  15906   176  8966  6940
  114  461.1564 73.6234  15785   121  8730  7055
  115  461.3662 73.6328  15647   138  8696  6951
  116  461.4051 73.4448  15386   261  8847  6539
  117  461.0008 73.4789  15320    66  8832  6488
  118  460.8091 73.3061  15272    48  8811  6461
  119  460.8158 73.4049  15215    57  8777  6438
  120  460.8178 73.4057  15147    68  8788  6359
  121  460.9254 73.4210  15112    35  8818  6294
  122  461.0402 73.3981  15052    60  8795  6257
  123  461.2216 73.2931  15010    42  8757  6253
  124  461.4130 73.2738  14999    11  8723  6276
  125  461.5162 73.1013  15009    10  8366  6643
  126  461.6209 72.8430  14799   210  8394  6405
  127  461.5476 72.5890  14600   199  8405  6195
  128  461.4988 72.5015  14406   194  8583  5823
  129  461.5537 72.4064  14058   348  8320  5738
  130  461.4607 72.3799  13966    92  8539  5427
  131  461.3071 72.0359  13809   157  8498  5311
  132  461.2663 71.8467  13797    12  8552  5245
  133  461.2678 71.8460  13687   110  8572  5115
  134  461.3075 72.0361  13558   129  8546  5012
  135  461.3697 71.7785  13517    41  8637  4880
  136  461.2668 71.8464  13436    81  8683  4753
  137  461.1539 71.7306  13284   152  8654  4630
  138  461.4094 71.5873  13146   138  8650  4496
  139  461.4087 71.5873  13088    58  8664  4424
  140  461.4091 71.5852  13002    86  8666  4336
  141  461.3167 71.5696  12842   160  8606  4236
  142  461.0018 71.5002  12739   103  8576  4163
  143  461.1677 71.5643  12627   112  8544  4083
  144  461.0035 71.4976  12478   149  8738  3740
  145  461.0352 71.3649  12551    73  8752  3799
  146  461.1385 71.3107  12533    18  8767  3766
  147  461.1106 71.4436  12460    73  8745  3715
  148  460.9327 71.4488  12465     5  8737  3728
  149  461.1100 71.4448  12398    67  8727  3671
  150  461.3164 71.3206  12345    53  8664  3681
  151  461.2902 71.0464  12355    10  8598  3757
  152  461.2367 71.1629  12291    64  8610  3681
  153  461.1100 71.2960  12253    38  8592  3661
  154  461.2460 71.2510  12200    53  8614  3586
  155  461.2265 71.2700  12104    96  8613  3491
  156  461.2346 70.9662  12063    41  8603  3460
  157  460.9092 71.0955  12020    43  8614  3406
  158  460.9101 71.3186  12073    53  8638  3435
  159  461.2273 71.4230  12191   118  8651  3540
  160  461.3423 71.5390  12309   118  8429  3880
  161  461.4344 71.7960  12404    95  8408  3996
  162  461.3012 71.7783  12442    38  8397  4045
  163  461.3037 71.7798  12388    54  8406  3982
  164  461.4768 71.6191  12305    83  8375  3930
  165  461.7258 71.6810  12437   132  8419  4018
  166  461.7507 71.4512  12550   113  8624  3926
  167  461.7287 71.6790  12619    69  8389  4230
  168  461.8187 71.2302  12595    24  8633  3962
  169  462.2900 71.0438  12568    27  8592  3976
  170  462.3874 70.9584  12611    43  8589  4022
  171  461.9999 70.9989  12633    22  8558  4075
  172  462.1974 70.8789  12640     7  8534  4106
  173  462.3040 70.8064  12681    41  8485  4196
  174  462.4354 70.7988  12711    30  8416  4295
  175  462.4368 70.7985  12732    21  8356  4376
  176  462.5345 70.8433  12724     8  8347  4377
  177  462.3689 70.9990  12630    94  8239  4391
  178  462.3674 70.9969  12656    26  8164  4492
  179  462.1729 71.1004  12629    27  8129  4500
  180  462.2684 71.0317  12599    30  8048  4551
  181  462.2701 71.0291  12655    56  8026  4629
  182  462.2091 70.9646  12650     5  7951  4699
  183  462.5361 70.8460  12625    25  7934  4691
  184  462.4087 70.8491  12789   164  7889  4900
  185  462.6048 70.6433  12867    78  7826  5041
  186  462.7205 70.6202  12926    59  7744  5182
  187  462.6280 70.4801  13091   165  7863  5228
  188  462.8878 70.0752  13149    58  7791  5358
  189  463.1028 69.9304  13263   114  7710  5553
  190  463.0739 69.8509  13309    46  7670  5639
  191  462.8221 69.7117  13382    73  7593  5789
  192  463.0720 69.1887  13529   147  7703  5826
  193  462.9221 69.2323  13481    48  7642  5839
  194  463.0330 69.0752  13514    33  7560  5954
  195  462.9205 69.2337  13487    27  7542  5945
  196  462.9255 69.2173  13580    93  7535  6045
  197  463.0283 69.0706  13495    85  7520  5975
  198  462.9958 69.0028  13439    56  7471  5968
  199  462.9947 69.0030  13322   117  7419  5903
  200  462.8745 69.1628  13345    23  7414  5931
  201  462.5966 69.2022  13356    11  7415  5941
  202  463.1432 69.0020  13317    39  7409  5908
  203  463.1158 69.0018  13285    32  7406  5879
  204  463.3413 68.8485  13243    42  7338  5905
  205  463.4059 68.8896  13262    19  7306  5956
  206  463.7239 68.6830  13254     8  7256  5998
  207  464.4035 68.1845  13411   157  7403  6008
  208  464.4220 68.0987  13424    13  7412  6012
  209  464.4031 68.1844  13422     2  7420  6002
  210  464.3126 68.2651  13379    43  7437  5942
  211  464.1319 68.2753  13385     6  7461  5924
  212  463.9416 68.3710  13333    52  7546  5787
  213  462.7036 68.9418  12987   346  7414  5573
  214  463.1149 68.8249  12900    87  7451  5449
  215  462.9248 68.9301  12752   148  7491  5261
  216  462.7980 69.0014  12527   225  7518  5009
